$ANSIBLE_VAULT;1.1;AES256
39626434653065643066383865306531633131336336623637383733633330313162306330316633
6562303931346265373833626432643935313461363038330a623339323766353231613335363039
34393330323862363438376364313135336432616163346463393663326135643865353030616534
3561396264646333380a306264363734313761393064633436316562303930666633373565623762
62323034643537386539643065616334356265616139306664313031346638323662323332366166
38393132383939373436346539363638316165633636323133636335323936643339323637636138
30333661633434633863643363363438353861616632376434636237306237616462393836376236
35363065336138383461386536636666393962643635653261386238346632633966396430393432
62333139646663323764663130363565643161363033393134636262303237323464643464383736
35316530356131623237653637633838323536386133623763653832643931653938306361616535
37663564336366333166653036386664306536343432663636663632663466393033313763383333
36396135306339666236326138663262643132316339636436323066336137333330623662363436
31393433393333323334383365303334636338343563363835353163363031643136356534646434
62313962656435613462623363346132633636393864633135623132316363376535316332616233
33663238333961316638633035663531316533393866613664343262386238633965653633636536
64333266633239636332373666303564303266336534333066646662626462326537666561326365
32363264653934636338633238626236336531363663356233646461316638396239666532303430
36333332373663386436356637613661343730643965303134346430353831326437306134333062
63313431666439623533396362333936653539343366663764313839323539363537333036373630
35313730383233356436613531396630333136323139306562306334333738616631303938653936
64356530323163343961393938373935643762336562326234303366373962313930653632393732
38383630353861316536306539653731366138616662363034326635663138616136313736363962
66623866343934616462656261653862376365393837393439643431373063383739336663356631
63633633303337383934383862303234306533383461333435383937333665363337393733666263
66633235643836366339653436373035393731366139353232333439346537326530633037623133
37316135633238386162666335386235653566306531323838316231303665646538336262643563
32343532333634623438383030633839376631653561353934633038663736306138393631323232
64383963313536336362333332393834333262303065663637663437386339613135623431646163
66383465653935396338646132376635396232396465313165346431663633366137623336653531
35623530313130393530666231623565646264353338656631656236346534666166643935376464
63653730653039623463306639626664663734656238376262343732323130616430303332393364
33353932613764656236363930393331643466653263646631653237636563346361356566383362
30626164653438666637653464633637373964396637653438366430346661626639616139616633
36313763386238383161366335366564393537633236343163363966383036316133353364303334
33333033383766666135366239643730313761653032313566656566616633383863646366343239
64356232393434333562616131333564396164613339363666303366373630353033613562616633
65636463656163383139353932363161333331613531623435666633343261346233386666343534
61313232333365353334353032303936616333343434646532346630613837653865316637323135
30613430643961306339633734386264666237376137363439633338363134313063613064626562
36343639323037626135613839326339366163613463363865343961343339373330323530646330
37306639633733353134303963363663333038306564323965323735363762393336643033663834
30333961336262666564353465636532306161333932636330643466316264636238663366613166
32393464653031623264643037363130613233353964326639653566393131363766313961343962
30356334663635383931363337623738356130653131393264366332616264313138396630363862
64313130386233323330653330613365373330383534653965336138353664643534353665663239
66383739313162373462373130656461343361303037383363323439353162316662303239326433
61643961616566646537353963656363666135653131643766663034396437383130633938333061
36313665306364646535366636373231326239303464373132333838643032643136353436653561
64666531373233353364393261393034313762666633363863323862393365313235663162356239
62346162353030383830643261626162643538313331653332333336663365353130643236663134
65303364333834386230343266396634316662353632383163333132333534643433626335326233
31376432396336303732663631393132643530633337313438303737376532373433623530346333
33353336343835396638646363333235616462396366343931313335643763356239363635646433
38303738643538346561313535316639383239663762313135343134663866366631373838626137
66306131313265316461656366646664393765346332326134326366613130633631626262626365
30306165396565363162326562396562346561346333643363356133306132663165313362633939
66363766386162386164383831623731316137643238383566656230303531373561646534623631
38643361343837303633346434393365366161396131616534636362623466636139336631326131
36353731306535656630633062373336376136333164636338613539363462326439373339363631
39613864386636646538613734666565623535336235313262616338346436363238376361373564
65323164353337323334333665303234313636316232333935633038323438653432306533383632
63666438356263326538653135623032323433303762343735626238366338623035303030376332
63346339383863316364326238336265363362646430653239373236343136643534333962366563
35646638653232316334323962363935323763353263636439373132613939386135626638626638
62373561323433353035653135656461616338613666636463323238613739663534323965613135
66306164616661366237636230383761616537633464386331306436663761316230353638313730
31326631346333363634623265303036663963656338373930656634623135313965356165656263
37346538306264333533373566356334313733383533353066623035356338396638373037363139
65313431666134356230323437303366653339623230303436623963306466616532646233303137
63383164626234333337646435623665646137366636653934653238666233653165323733303566
34346537373432383735303735356633643264373931373230386135663463366662303533336134
37313033353362616438653764646466306334366233326563393434636564393364343865383831
36643439313364613137613265616339636462303665326532336237633530653230393462383261
37353832353932306565626532393237373663323534663066343839663161323331643865316561
37633638353537373438393534396661303933333562643639393634393337373432353337666439
30666465356533656338356231346466343533333261633366663232343866356263633230366239
63393933643934636135396633323233323135363536633932623936643661336336613963656564
38656538646338396537336339613630636330393936336463306463373165386433303435383766
66366366636136316362303536613237363935303262346537663663333439306163366630313434
30656131323633663936313966366634303166393631343933346563633433623630313264633330
33323035383362313333366439656132333138373330643830313461616330326261393730393539
37393966626130646463313166333130383839393739326234626463366365613031663466366431
65666633373730613031383664333136636566613139383464643464613863663736613034643066
37656136373534316438613466373964323565386634626537393332343463383065353966313731
61663064353737373539376133653133613733323032323566653838636535323163393235613363
66663136383738373433326563663663613831316261613966353966336362363138663962353135
62666338313130616337653033613863383864313063346231626266383761643364343532643530
34333866386566666530
